13
11
13
11
11
13
15
11
13
11
11
11
13
15
11
13
11
15
11
13
11
15
13
13
11
15
14
11
11
13
11
11
13
11
13
15
13
15
13
11
13
15
13
13
14
15
13
13
13
13
15
13
13
15
15
13
13
13
11
9
11
13
15
11
13
13
13
13
13
13
11
11
15
15
13
9
11
13
13
13
11
15
9
13
13
13
13
11
15
11
11
11
15
14
13
13
11
11
15
13
11
15
13
14
15
13
11
13
11
14
9
11
13
13
11
15
11
11
13
15
11
11
13
11
13
15
13
11
14
9
13
13
11
15
15
15
11
15
11
13
11
11
13
9
11
14
11
11
13
13
11
13
11
15
13
13
13
15
15
11
13
13
11
15
11
11
13
15
11
11
13
13
11
15
13
15
13
15
15
11
13
11
11
11
11
13
15
13
13
15
13
11
11
13
13
13
11
15
13
11

